295	235	179	127	82	46	21	8	8	21	46	82	127	179	235	295	
246	192	140	93	52	18	-4	-16	-16	-4	18	52	93	140	192	246	
201	153	107	65	28	-1	-22	-33	-33	-22	-1	28	65	107	153	201	
162	120	80	44	11	-14	-32	-41	-41	-32	-14	11	44	80	120	162	
126	92	58	28	1	-20	-36	-44	-44	-36	-20	1	28	58	92	126	
94	67	41	16	-4	-21	-34	-40	-40	-34	-21	-4	16	41	67	94	
65	45	26	9	-6	-18	-27	-32	-32	-27	-18	-6	9	26	45	65	
37	26	14	4	-4	-12	-17	-20	-20	-17	-12	-4	4	14	26	37	
11	7	4	1	-1	-3	-5	-6	-6	-5	-3	-1	1	4	7	11	
-14	-10	-5	-1	2	4	7	8	8	7	4	2	-1	-5	-10	-14	
-41	-28	-16	-4	5	13	18	21	21	18	13	5	-4	-16	-28	-41	
-68	-48	-28	-10	6	19	28	33	33	28	19	6	-10	-28	-48	-68	
-98	-70	-43	-18	4	21	34	41	41	34	21	4	-18	-43	-70	-98	
-130	-95	-61	-29	-2	20	35	44	44	35	20	-2	-29	-61	-95	-130	
-167	-124	-84	-46	-13	12	31	41	41	31	12	-13	-46	-84	-124	-167	
-207	-158	-111	-68	-31	0	20	31	31	20	0	-31	-68	-111	-158	-207	
-251	-197	-145	-97	-55	-21	1	13	13	1	-21	-55	-97	-145	-197	-251	
-301	-241	-184	-132	-87	-50	-32	-32	-32	-32	-50	-87	-132	-184	-241	-301	
