442	359	276	195	121	59	14	0	0	14	59	121	195	276	359	442	
370	293	216	141	71	13	-30	-53	-53	-30	13	71	141	216	293	370	
305	236	165	97	33	-20	-61	-82	-82	-61	-20	33	97	165	236	305	
246	185	123	63	6	-42	-78	-97	-97	-78	-42	6	63	123	185	246	
192	141	89	37	-10	-52	-83	-100	-100	-83	-52	-10	37	89	141	192	
144	103	62	20	-18	-52	-77	-91	-91	-77	-52	-18	20	62	103	144	
99	70	39	9	-18	-43	-62	-72	-72	-62	-43	-18	9	39	70	99	
57	40	21	3	-13	-28	-39	-45	-45	-39	-28	-13	3	21	40	57	
17	11	6	0	-4	-8	-12	-14	-14	-12	-8	-4	0	6	11	17	
-22	-15	-8	-1	5	11	15	18	18	15	11	5	-1	-8	-15	-22	
-62	-43	-24	-4	14	30	42	49	49	42	30	14	-4	-24	-43	-62	
-104	-74	-42	-10	19	44	64	74	74	64	44	19	-10	-42	-74	-104	
-150	-108	-65	-22	17	52	78	92	92	78	52	17	-22	-65	-108	-150	
-199	-146	-93	-40	9	51	83	100	100	83	51	9	-40	-93	-146	-199	
-253	-191	-128	-66	-9	40	77	96	96	77	40	-9	-66	-128	-191	-253	
-313	-242	-171	-102	-37	17	57	79	79	57	17	-37	-102	-171	-242	-313	
-379	-301	-223	-147	-77	-18	25	48	48	25	-18	-77	-147	-223	-301	-379	
-452	-368	-284	-203	-129	-66	-32	-32	-32	-32	-66	-129	-203	-284	-368	-452	
