1239	857	512	206	-55	-275	-447	-572	-648	-674	-658	-598	-499	-369	-226	-63	95	241	372	470	531	546	518	444	320	147	-72	-334	-640	-984	-1367	
1093	716	377	79	-179	-393	-555	-674	-738	-757	-728	-655	-544	-401	-238	-63	111	273	416	525	598	629	610	543	428	262	51	-206	-506	-844	-1220	
959	586	251	-45	-294	-501	-657	-766	-824	-830	-792	-706	-582	-426	-251	-63	124	299	455	579	665	703	696	638	530	374	166	-85	-378	-713	-1086	
833	465	133	-156	-402	-603	-753	-852	-900	-900	-850	-754	-620	-452	-264	-63	136	324	493	627	722	773	773	725	626	476	274	29	-260	-592	-962	
717	350	25	-262	-501	-695	-839	-935	-977	-967	-907	-802	-652	-477	-277	-63	149	350	525	674	779	837	849	807	712	568	373	131	-152	-479	-844	
610	248	-76	-357	-593	-782	-922	-1008	-1040	-1025	-958	-840	-684	-496	-289	-63	159	369	557	713	830	897	913	881	791	654	466	230	-53	-375	-739	
513	152	-166	-443	-676	-861	-995	-1075	-1104	-1079	-1003	-878	-716	-515	-296	-63	168	388	589	751	875	951	977	948	868	734	549	316	38	-280	-640	
423	66	-249	-526	-753	-935	-1062	-1139	-1161	-1127	-1047	-917	-742	-535	-308	-63	178	407	614	789	920	999	1034	1011	935	807	625	395	121	-194	-551	
344	-9	-325	-596	-823	-998	-1123	-1193	-1212	-1171	-1085	-949	-767	-554	-315	-63	187	426	640	818	958	1044	1082	1066	995	871	695	469	198	-117	-471	
272	-79	-392	-660	-883	-1056	-1177	-1244	-1257	-1213	-1117	-974	-786	-566	-321	-63	194	439	659	847	990	1085	1130	1113	1046	928	756	532	264	-47	-401	
210	-140	-449	-717	-937	-1107	-1225	-1286	-1295	-1248	-1149	-1000	-805	-579	-328	-63	200	452	678	872	1022	1120	1168	1158	1097	979	810	590	322	12	-337	
156	-191	-500	-765	-982	-1151	-1263	-1324	-1327	-1280	-1175	-1019	-824	-592	-334	-63	206	464	697	891	1047	1152	1200	1196	1136	1021	855	638	373	63	-283	
111	-236	-542	-807	-1020	-1186	-1298	-1356	-1359	-1305	-1194	-1038	-837	-598	-340	-63	213	471	710	910	1066	1178	1232	1228	1171	1059	893	679	414	108	-239	
73	-271	-577	-838	-1052	-1215	-1327	-1381	-1381	-1324	-1213	-1051	-850	-605	-340	-63	213	477	716	923	1085	1197	1251	1254	1199	1088	925	711	449	143	-200	
44	-299	-606	-864	-1078	-1241	-1346	-1400	-1397	-1337	-1226	-1063	-856	-611	-347	-63	219	484	729	936	1098	1209	1270	1273	1218	1113	950	736	475	172	-173	
25	-318	-621	-883	-1094	-1256	-1365	-1416	-1410	-1350	-1238	-1070	-863	-617	-347	-63	219	490	735	942	1108	1222	1283	1286	1234	1126	966	756	494	191	-153	
14	-331	-634	-893	-1103	-1266	-1371	-1426	-1416	-1356	-1242	-1076	-863	-617	-347	-63	219	490	735	949	1111	1229	1289	1295	1244	1139	976	765	507	201	-143	
11	-334	-637	-896	-1106	-1266	-1375	-1426	-1423	-1359	-1245	-1076	-866	-617	-347	-63	219	490	735	949	1117	1229	1292	1298	1247	1139	979	768	510	204	-140	
15	-328	-631	-889	-1103	-1263	-1371	-1423	-1416	-1356	-1238	-1076	-863	-617	-347	-63	219	490	735	949	1111	1229	1289	1292	1244	1135	976	762	504	201	-143	
28	-315	-618	-880	-1090	-1253	-1359	-1413	-1410	-1350	-1232	-1070	-863	-617	-347	-63	219	490	735	942	1105	1222	1283	1286	1231	1126	963	749	491	188	-159	
51	-293	-599	-858	-1071	-1234	-1343	-1397	-1394	-1337	-1226	-1063	-856	-611	-347	-63	213	484	726	933	1098	1209	1267	1270	1215	1107	944	730	472	165	-180	
82	-264	-570	-832	-1046	-1209	-1320	-1375	-1375	-1318	-1207	-1051	-844	-605	-340	-63	213	477	716	923	1079	1190	1248	1247	1193	1081	918	705	443	137	-210	
121	-226	-532	-797	-1014	-1177	-1292	-1349	-1353	-1299	-1187	-1031	-831	-598	-334	-63	206	471	703	904	1060	1171	1225	1222	1161	1049	883	670	405	99	-248	
168	-181	-488	-752	-973	-1139	-1257	-1317	-1321	-1273	-1168	-1012	-818	-586	-334	-63	206	458	691	885	1041	1143	1193	1187	1126	1011	842	625	360	51	-296	
226	-126	-437	-705	-925	-1094	-1212	-1276	-1286	-1241	-1143	-993	-799	-576	-328	-63	200	445	671	866	1015	1114	1155	1148	1085	966	797	574	309	-2	-353	
290	-63	-376	-644	-867	-1043	-1164	-1231	-1244	-1203	-1111	-968	-780	-560	-321	-63	194	433	652	840	983	1076	1117	1104	1034	915	740	517	249	-63	-417	
363	7	-306	-580	-804	-982	-1110	-1180	-1200	-1165	-1073	-936	-761	-547	-315	-63	181	420	633	808	945	1034	1072	1053	979	855	676	450	178	-136	-490	
446	87	-229	-504	-733	-915	-1046	-1123	-1149	-1117	-1034	-904	-735	-531	-302	-63	175	401	608	776	907	986	1018	995	919	788	606	376	102	-216	-573	
535	175	-143	-424	-657	-842	-976	-1059	-1091	-1066	-990	-872	-710	-515	-296	-63	168	388	582	745	862	935	961	932	849	715	529	297	16	-302	-663	
637	273	-51	-335	-571	-762	-900	-989	-1028	-1012	-945	-834	-678	-490	-283	-63	155	362	550	703	818	884	900	862	772	635	443	204	-76	-401	-765	
745	379	50	-236	-478	-673	-820	-916	-957	-948	-894	-789	-646	-471	-270	-63	143	343	518	662	763	821	830	785	689	546	351	109	-178	-506	-873	
863	493	162	-128	-376	-578	-728	-833	-881	-884	-837	-745	-608	-445	-261	-63	130	318	480	617	709	757	753	705	600	450	249	0	-289	-621	-991	
991	618	281	-13	-268	-476	-632	-744	-804	-814	-773	-694	-573	-420	-248	-63	117	292	442	566	646	687	674	616	504	345	137	-114	-410	-745	-1118	
1128	752	410	107	-150	-364	-530	-648	-715	-738	-709	-639	-531	-394	-232	-63	104	267	404	509	582	610	588	521	402	233	19	-238	-538	-879	-1257	
1276	895	547	241	-23	-243	-418	-546	-626	-655	-639	-582	-487	-362	-219	-63	92	235	359	451	512	527	495	419	291	115	-104	-369	-675	-1022	-1405	
