1181	1061	943	829	718	611	511	417	331	253	186	129	84	52	32	25	32	52	84	129	186	253	331	417	511	611	718	829	943	1061	1181	
1079	965	853	743	637	535	438	348	265	191	126	72	29	-2	-21	-27	-21	-2	29	72	126	191	265	348	438	535	637	743	853	965	1079	
984	875	768	663	562	465	373	287	208	137	75	23	-17	-48	-66	-72	-66	-48	-17	23	75	137	208	287	373	465	562	663	768	875	984	
893	790	689	590	494	402	314	233	158	90	31	-17	-57	-85	-103	-109	-103	-85	-57	-17	31	90	158	233	314	402	494	590	689	790	893	
807	710	615	522	431	345	262	185	114	51	-4	-51	-88	-115	-132	-137	-132	-115	-88	-51	-4	51	114	185	262	345	431	522	615	710	807	
726	635	546	459	375	293	216	144	78	18	-33	-77	-112	-138	-153	-158	-153	-138	-112	-77	-33	18	78	144	216	293	375	459	546	635	726	
649	565	483	402	323	248	176	109	47	-7	-56	-97	-129	-153	-167	-172	-167	-153	-129	-97	-56	-7	47	109	176	248	323	402	483	565	649	
576	499	423	349	277	208	142	80	23	-27	-72	-110	-140	-161	-175	-179	-175	-161	-140	-110	-72	-27	23	80	142	208	277	349	423	499	576	
506	437	368	301	235	172	112	56	4	-41	-82	-116	-144	-164	-176	-180	-176	-164	-144	-116	-82	-41	4	56	112	172	235	301	368	437	506	
441	378	317	256	198	141	87	37	-8	-50	-87	-118	-142	-160	-171	-175	-171	-160	-142	-118	-87	-50	-8	37	87	141	198	256	317	378	441	
378	323	269	216	164	114	67	22	-18	-54	-87	-114	-136	-151	-161	-164	-161	-151	-136	-114	-87	-54	-18	22	67	114	164	216	269	323	378	
318	271	224	178	134	91	50	12	-23	-54	-82	-106	-124	-138	-146	-149	-146	-138	-124	-106	-82	-54	-23	12	50	91	134	178	224	271	318	
260	221	182	144	106	71	37	5	-24	-51	-74	-94	-109	-121	-128	-130	-128	-121	-109	-94	-74	-51	-24	5	37	71	106	144	182	221	260	
204	173	142	111	82	53	26	0	-22	-44	-62	-78	-91	-100	-105	-107	-105	-100	-91	-78	-62	-44	-22	0	26	53	82	111	142	173	204	
150	127	104	81	59	37	17	-1	-19	-34	-48	-60	-69	-76	-80	-82	-80	-76	-69	-60	-48	-34	-19	-1	17	37	59	81	104	127	150	
97	82	67	52	37	23	10	-1	-13	-23	-32	-40	-46	-51	-53	-54	-53	-51	-46	-40	-32	-23	-13	-1	10	23	37	52	67	82	97	
45	38	31	24	17	10	4	-1	-6	-11	-15	-19	-22	-24	-25	-25	-25	-24	-22	-19	-15	-11	-6	-1	4	10	17	24	31	38	45	
-6	-5	-4	-3	-2	-1	0	0	0	1	2	2	3	3	3	3	3	3	3	2	2	1	0	0	0	-1	-2	-3	-4	-5	-6	
-58	-49	-40	-31	-22	-14	-6	1	8	14	19	24	28	30	32	33	32	30	28	24	19	14	8	1	-6	-14	-22	-31	-40	-49	-58	
-110	-93	-76	-59	-43	-27	-12	1	14	26	36	45	52	57	60	61	60	57	52	45	36	26	14	1	-12	-27	-43	-59	-76	-93	-110	
-164	-138	-113	-88	-64	-41	-19	1	20	37	52	65	75	82	87	88	87	82	75	65	52	37	20	1	-19	-41	-64	-88	-113	-138	-164	
-218	-185	-152	-119	-88	-57	-28	-1	23	46	66	82	96	105	111	113	111	105	96	82	66	46	23	-1	-28	-57	-88	-119	-152	-185	-218	
-274	-233	-192	-152	-113	-75	-40	-6	24	52	76	97	113	125	133	135	133	125	113	97	76	52	24	-6	-40	-75	-113	-152	-192	-233	-274	
-333	-284	-235	-187	-141	-96	-54	-14	22	55	84	108	128	142	150	153	150	142	128	108	84	55	22	-14	-54	-96	-141	-187	-235	-284	-333	
-393	-337	-281	-226	-172	-121	-72	-26	16	54	87	115	138	154	164	167	164	154	138	115	87	54	16	-26	-72	-121	-172	-226	-281	-337	-393	
-457	-393	-329	-267	-207	-149	-93	-41	5	48	86	118	143	162	173	177	173	162	143	118	86	48	5	-41	-93	-149	-207	-267	-329	-393	-457	
-523	-452	-381	-312	-245	-181	-119	-61	-8	38	80	115	143	164	176	180	176	164	143	115	80	38	-8	-61	-119	-181	-245	-312	-381	-452	-523	
-594	-515	-438	-362	-288	-217	-150	-87	-29	23	68	107	138	160	173	178	173	160	138	107	68	23	-29	-87	-150	-217	-288	-362	-438	-515	-594	
-668	-582	-498	-416	-336	-259	-186	-117	-54	1	51	92	126	150	164	169	164	150	126	92	51	1	-54	-117	-186	-259	-336	-416	-498	-582	-668	
-746	-654	-563	-474	-388	-306	-227	-154	-86	-25	27	71	107	133	148	154	148	133	107	71	27	-25	-86	-154	-227	-306	-388	-474	-563	-654	-746	
-828	-730	-633	-538	-446	-358	-275	-196	-124	-60	-3	43	81	108	125	131	125	108	81	43	-3	-60	-124	-196	-275	-358	-446	-538	-633	-730	-828	
-915	-811	-708	-608	-510	-417	-328	-246	-169	-101	-41	8	48	77	94	100	94	77	48	8	-41	-101	-169	-246	-328	-417	-510	-608	-708	-811	-915	
-1007	-897	-789	-683	-580	-482	-389	-302	-222	-150	-87	-34	6	37	55	61	55	37	6	-34	-87	-150	-222	-302	-389	-482	-580	-683	-789	-897	-1007	
-1104	-989	-875	-764	-656	-553	-456	-365	-281	-206	-141	-86	-42	-10	8	15	8	-10	-42	-86	-141	-206	-281	-365	-456	-553	-656	-764	-875	-989	-1104	
-1207	-1086	-967	-851	-739	-632	-530	-435	-348	-270	-202	-145	-128	-128	-128	-128	-128	-128	-128	-145	-202	-270	-348	-435	-530	-632	-739	-851	-967	-1086	-1207	
