1770	1604	1438	1271	1105	941	782	630	487	356	239	138	57	0	0	0	0	0	57	138	239	356	487	630	782	941	1105	1271	1438	1604	1770	
1622	1463	1302	1141	981	822	668	520	381	253	139	41	-38	-96	-132	-144	-132	-96	-38	41	139	253	381	520	668	822	981	1141	1302	1463	1622	
1482	1329	1175	1020	866	713	565	422	287	163	52	-43	-120	-177	-212	-223	-212	-177	-120	-43	52	163	287	422	565	713	866	1020	1175	1329	1482	
1348	1203	1056	908	760	614	471	334	204	85	-22	-114	-189	-244	-277	-289	-277	-244	-189	-114	-22	85	204	334	471	614	760	908	1056	1203	1348	
1221	1083	944	804	663	524	388	257	133	19	-83	-172	-244	-297	-329	-340	-329	-297	-244	-172	-83	19	133	257	388	524	663	804	944	1083	1221	
1100	971	840	707	575	444	315	191	73	-35	-132	-217	-285	-336	-367	-377	-367	-336	-285	-217	-132	-35	73	191	315	444	575	707	840	971	1100	
985	864	742	619	495	372	252	135	24	-77	-170	-249	-314	-362	-391	-401	-391	-362	-314	-249	-170	-77	24	135	252	372	495	619	742	864	985	
875	764	651	537	423	309	197	89	-13	-109	-195	-270	-330	-375	-402	-412	-402	-375	-330	-270	-195	-109	-13	89	197	309	423	537	651	764	875	
771	670	567	463	358	253	151	51	-42	-130	-210	-278	-334	-376	-401	-410	-401	-376	-334	-278	-210	-130	-42	51	151	253	358	463	567	670	771	
672	581	488	394	300	205	113	23	-62	-142	-214	-276	-327	-365	-388	-396	-388	-365	-327	-276	-214	-142	-62	23	113	205	300	394	488	581	672	
577	496	414	331	248	164	82	2	-74	-145	-209	-264	-310	-343	-364	-371	-364	-343	-310	-264	-209	-145	-74	2	82	164	248	331	414	496	577	
485	416	345	273	201	129	57	-11	-77	-139	-195	-243	-283	-312	-330	-336	-330	-312	-283	-243	-195	-139	-77	-11	57	129	201	273	345	416	485	
398	340	280	220	159	99	39	-19	-74	-126	-173	-214	-248	-272	-288	-293	-288	-272	-248	-214	-173	-126	-74	-19	39	99	159	220	280	340	398	
313	266	219	170	122	73	25	-21	-66	-108	-145	-178	-205	-225	-237	-242	-237	-225	-205	-178	-145	-108	-66	-21	25	73	122	170	219	266	313	
230	195	160	124	87	51	15	-19	-53	-84	-112	-137	-157	-172	-181	-184	-181	-172	-157	-137	-112	-84	-53	-19	15	51	87	124	160	195	230	
149	126	103	79	56	32	8	-14	-36	-56	-75	-91	-105	-114	-120	-122	-120	-114	-105	-91	-75	-56	-36	-14	8	32	56	79	103	126	149	
69	58	47	36	25	14	3	-7	-17	-27	-35	-43	-49	-54	-57	-58	-57	-54	-49	-43	-35	-27	-17	-7	3	14	25	36	47	58	69	
-9	-8	-6	-5	-3	-2	0	1	2	3	5	6	7	7	8	8	8	7	7	6	5	3	2	1	0	-2	-3	-5	-6	-8	-9	
-89	-75	-61	-47	-33	-18	-4	9	22	34	45	55	63	69	73	74	73	69	63	55	45	34	22	9	-4	-18	-33	-47	-61	-75	-89	
-169	-143	-117	-90	-63	-36	-10	15	40	64	85	103	118	129	136	138	136	129	118	103	85	64	40	15	-10	-36	-63	-90	-117	-143	-169	
-250	-213	-174	-135	-96	-56	-17	20	56	90	121	148	170	186	196	199	196	186	170	148	121	90	56	20	-17	-56	-96	-135	-174	-213	-250	
-334	-284	-234	-182	-131	-79	-28	21	68	113	153	188	216	238	251	255	251	238	216	188	153	113	68	21	-28	-79	-131	-182	-234	-284	-334	
-419	-358	-296	-233	-169	-106	-43	17	76	130	179	222	257	283	299	304	299	283	257	222	179	130	76	17	-43	-106	-169	-233	-296	-358	-419	
-508	-436	-362	-287	-212	-137	-63	8	77	141	199	249	290	321	340	346	340	321	290	249	199	141	77	8	-63	-137	-212	-287	-362	-436	-508	
-600	-517	-432	-346	-260	-174	-89	-6	71	145	211	268	315	350	371	378	371	350	315	268	211	145	71	-6	-89	-174	-260	-346	-432	-517	-600	
-696	-603	-507	-411	-313	-217	-121	-29	58	140	214	278	330	369	392	400	392	369	330	278	214	140	58	-29	-121	-217	-313	-411	-507	-603	-696	
-797	-693	-587	-481	-373	-267	-162	-60	36	126	207	277	334	377	403	411	403	377	334	277	207	126	36	-60	-162	-267	-373	-481	-587	-693	-797	
-902	-789	-674	-557	-440	-324	-210	-99	5	102	190	266	327	373	401	410	401	373	327	266	190	102	5	-99	-210	-324	-440	-557	-674	-789	-902	
-1013	-890	-766	-640	-514	-389	-267	-148	-36	68	161	242	308	356	386	396	386	356	308	242	161	68	-36	-148	-267	-389	-514	-640	-766	-890	-1013	
-1129	-998	-865	-731	-596	-463	-333	-207	-87	22	121	207	276	327	359	369	359	327	276	207	121	22	-87	-207	-333	-463	-596	-731	-865	-998	-1129	
-1252	-1112	-971	-829	-687	-546	-408	-276	-150	-34	69	159	231	285	317	328	317	285	231	159	69	-34	-150	-276	-408	-546	-687	-829	-971	-1112	-1252	
-1381	-1234	-1085	-935	-786	-638	-494	-355	-224	-103	4	97	173	228	262	274	262	228	173	97	4	-103	-224	-355	-494	-638	-786	-935	-1085	-1234	-1381	
-1516	-1362	-1206	-1050	-894	-740	-590	-445	-309	-184	-72	23	101	158	193	205	193	158	101	23	-72	-184	-309	-445	-590	-740	-894	-1050	-1206	-1362	-1516	
-1658	-1498	-1335	-1173	-1011	-851	-696	-547	-407	-278	-162	-64	15	74	110	122	110	74	15	-64	-162	-278	-407	-547	-696	-851	-1011	-1173	-1335	-1498	-1658	
-1808	-1641	-1473	-1304	-1137	-973	-813	-660	-516	-383	-265	-165	-128	-128	-128	-128	-128	-128	-128	-165	-265	-383	-516	-660	-813	-973	-1137	-1304	-1473	-1641	-1808	
