414	338	262	190	125	71	32	11	11	32	71	125	190	262	338	414	
347	277	207	140	79	28	-7	-27	-27	-7	28	79	140	207	277	347	
286	223	160	99	43	-2	-36	-54	-54	-36	-2	43	99	160	223	286	
231	176	120	67	18	-23	-53	-69	-69	-53	-23	18	67	120	176	231	
181	135	88	43	1	-33	-59	-73	-73	-59	-33	1	43	88	135	181	
135	99	61	25	-7	-35	-56	-67	-67	-56	-35	-7	25	61	99	135	
93	67	40	14	-10	-30	-45	-53	-53	-45	-30	-10	14	40	67	93	
54	38	22	6	-7	-20	-29	-34	-34	-29	-20	-7	6	22	38	54	
16	11	6	1	-2	-6	-9	-10	-10	-9	-6	-2	1	6	11	16	
-21	-14	-8	-2	3	8	11	13	13	11	8	3	-2	-8	-14	-21	
-59	-41	-24	-7	8	21	31	36	36	31	21	8	-7	-24	-41	-59	
-98	-71	-42	-15	10	31	47	56	56	47	31	10	-15	-42	-71	-98	
-141	-103	-64	-27	6	36	57	68	68	57	36	6	-27	-64	-103	-141	
-187	-139	-92	-45	-3	33	59	73	73	59	33	-3	-45	-92	-139	-187	
-237	-181	-125	-70	-20	21	51	67	67	51	21	-20	-70	-125	-181	-237	
-293	-229	-165	-103	-47	0	33	51	51	33	0	-47	-103	-165	-229	-293	
-355	-284	-213	-146	-84	-33	3	23	23	3	-33	-84	-146	-213	-284	-355	
-423	-346	-270	-197	-131	-77	-38	-32	-32	-38	-77	-131	-197	-270	-346	-423	
