1659	1506	1353	1200	1050	903	762	627	501	386	285	198	129	78	47	36	47	78	129	198	285	386	501	627	762	903	1050	1200	1353	1506	1659	
1521	1374	1227	1080	935	793	656	526	404	293	194	110	42	-7	-37	-47	-37	-7	42	110	194	293	404	526	656	793	935	1080	1227	1374	1521	
1389	1249	1108	968	829	692	561	435	318	210	114	33	-31	-80	-109	-119	-109	-80	-31	33	114	210	318	435	561	692	829	968	1108	1249	1389	
1265	1131	997	863	730	600	474	354	241	138	46	-31	-94	-140	-169	-178	-169	-140	-94	-31	46	138	241	354	474	600	730	863	997	1131	1265	
1146	1020	893	766	640	517	397	283	175	77	-10	-85	-145	-189	-216	-225	-216	-189	-145	-85	-10	77	175	283	397	517	640	766	893	1020	1146	
1033	914	795	676	558	441	328	220	119	26	-56	-127	-184	-226	-252	-261	-252	-226	-184	-127	-56	26	119	220	328	441	558	676	795	914	1033	
925	815	704	593	483	374	268	167	72	-14	-92	-159	-213	-252	-277	-285	-277	-252	-213	-159	-92	-14	72	167	268	374	483	593	704	815	925	
823	721	619	516	414	314	216	123	34	-46	-118	-180	-230	-267	-290	-297	-290	-267	-230	-180	-118	-46	34	123	216	314	414	516	619	721	823	
725	633	540	446	353	261	172	86	5	-68	-135	-192	-238	-272	-293	-300	-293	-272	-238	-192	-135	-68	5	86	172	261	353	446	540	633	725	
632	549	465	381	297	215	134	57	-15	-83	-143	-195	-236	-267	-286	-292	-286	-267	-236	-195	-143	-83	-15	57	134	215	297	381	465	549	632	
543	470	396	321	247	174	103	34	-30	-90	-143	-189	-226	-253	-270	-276	-270	-253	-226	-189	-143	-90	-30	34	103	174	247	321	396	470	543	
457	394	330	266	202	139	77	18	-38	-89	-136	-176	-208	-232	-246	-251	-246	-232	-208	-176	-136	-89	-38	18	77	139	202	266	330	394	457	
374	322	268	215	161	108	56	6	-40	-83	-122	-156	-183	-203	-215	-219	-215	-203	-183	-156	-122	-83	-40	6	56	108	161	215	268	322	374	
295	252	210	167	124	81	40	0	-37	-72	-103	-130	-152	-168	-178	-182	-178	-168	-152	-130	-103	-72	-37	0	40	81	124	167	210	252	295	
217	185	153	121	89	57	26	-2	-31	-57	-80	-100	-117	-129	-136	-139	-136	-129	-117	-100	-80	-57	-31	-2	26	57	89	121	153	185	217	
140	120	99	78	57	36	16	-3	-21	-39	-54	-67	-78	-86	-91	-92	-91	-86	-78	-67	-54	-39	-21	-3	16	36	57	78	99	120	140	
65	55	46	36	26	16	7	-1	-10	-18	-25	-32	-37	-40	-43	-43	-43	-40	-37	-32	-25	-18	-10	-1	7	16	26	36	46	55	65	
-9	-7	-6	-5	-3	-2	-1	0	1	2	3	4	5	5	6	6	6	5	5	4	3	2	1	0	-1	-2	-3	-5	-6	-7	-9	
-84	-71	-59	-46	-34	-21	-9	2	13	23	33	41	47	52	55	56	55	52	47	41	33	23	13	2	-9	-21	-34	-46	-59	-71	-84	
-159	-136	-112	-89	-65	-41	-18	3	24	43	61	76	88	97	102	104	102	97	88	76	61	43	24	3	-18	-41	-65	-89	-112	-136	-159	
-236	-202	-167	-132	-98	-63	-29	2	33	61	86	108	126	139	147	150	147	139	126	108	86	61	33	2	-29	-63	-98	-132	-167	-202	-236	
-314	-269	-224	-178	-133	-88	-43	-1	38	75	109	137	160	178	188	192	188	178	160	137	109	75	38	-1	-43	-88	-133	-178	-224	-269	-314	
-395	-340	-284	-227	-171	-115	-61	-9	40	85	126	161	190	211	224	228	224	211	190	161	126	85	40	-9	-61	-115	-171	-227	-284	-340	-395	
-478	-413	-346	-279	-213	-147	-83	-21	36	90	138	180	213	238	253	258	253	238	213	180	138	90	36	-21	-83	-147	-213	-279	-346	-413	-478	
-565	-489	-413	-336	-259	-184	-110	-39	27	89	144	191	229	258	275	281	275	258	229	191	144	89	27	-39	-110	-184	-259	-336	-413	-489	-565	
-655	-569	-483	-397	-311	-226	-143	-63	11	80	142	195	238	269	289	295	289	269	238	195	142	80	11	-63	-143	-226	-311	-397	-483	-569	-655	
-749	-654	-559	-463	-368	-274	-182	-94	-12	64	132	190	237	272	293	300	293	272	237	190	132	64	-12	-94	-182	-274	-368	-463	-559	-654	-749	
-848	-744	-640	-535	-431	-328	-229	-133	-43	39	113	176	227	265	288	295	288	265	227	176	113	39	-43	-133	-229	-328	-431	-535	-640	-744	-848	
-951	-839	-726	-613	-501	-390	-283	-180	-83	5	84	152	207	247	271	280	271	247	207	152	84	5	-83	-180	-283	-390	-501	-613	-726	-839	-951	
-1060	-940	-819	-698	-578	-459	-345	-235	-132	-38	46	118	176	218	244	253	244	218	176	118	46	-38	-132	-235	-345	-459	-578	-698	-819	-940	-1060	
-1175	-1047	-918	-789	-662	-537	-415	-300	-191	-91	-2	72	133	178	206	215	206	178	133	72	-2	-91	-191	-300	-415	-537	-662	-789	-918	-1047	-1175	
-1295	-1160	-1024	-888	-754	-622	-495	-373	-259	-155	-62	16	80	126	155	165	155	126	80	16	-62	-155	-259	-373	-495	-622	-754	-888	-1024	-1160	-1295	
-1422	-1280	-1137	-995	-854	-717	-584	-457	-338	-230	-133	-51	14	62	92	102	92	62	14	-51	-133	-230	-338	-457	-584	-717	-854	-995	-1137	-1280	-1422	
-1555	-1406	-1257	-1109	-963	-820	-682	-550	-427	-315	-216	-131	-63	-13	17	27	17	-13	-63	-131	-216	-315	-427	-550	-682	-820	-963	-1109	-1257	-1406	-1555	
-1694	-1540	-1385	-1232	-1080	-932	-789	-654	-527	-412	-309	-222	-152	-128	-128	-128	-128	-128	-152	-222	-309	-412	-527	-654	-789	-932	-1080	-1232	-1385	-1540	-1694	
