785	528	303	109	-47	-171	-265	-325	-356	-356	-329	-279	-209	-126	-36	66	163	257	340	407	456	486	483	452	395	302	174	17	-173	-401	-655	
698	444	226	36	-117	-238	-325	-379	-403	-399	-363	-306	-236	-143	-43	66	170	273	363	437	493	526	530	506	452	365	244	90	-96	-317	-571	
621	370	153	-30	-181	-298	-382	-429	-449	-436	-396	-333	-256	-156	-49	66	176	287	383	463	523	567	576	559	509	425	308	161	-22	-240	-491	
545	297	83	-97	-241	-352	-432	-476	-489	-473	-430	-360	-270	-166	-56	66	183	300	403	487	557	600	617	606	559	482	368	224	43	-170	-417	
478	230	19	-157	-298	-405	-479	-519	-530	-506	-456	-383	-290	-180	-63	66	190	307	417	514	584	633	657	646	609	532	425	284	107	-103	-347	
414	170	-37	-211	-348	-452	-522	-559	-563	-540	-483	-407	-303	-193	-66	66	197	320	437	534	610	667	690	687	650	582	475	338	164	-43	-284	
354	116	-90	-261	-395	-499	-563	-596	-596	-567	-510	-427	-323	-200	-69	66	197	327	450	554	637	694	724	727	690	626	525	388	217	13	-227	
300	63	-137	-304	-442	-539	-603	-630	-623	-593	-530	-440	-337	-213	-76	66	203	340	464	567	657	720	754	760	730	666	569	435	267	63	-173	
254	19	-181	-348	-479	-572	-636	-660	-650	-613	-550	-460	-347	-220	-83	66	210	347	477	587	677	740	780	787	763	699	606	475	308	110	-127	
210	-20	-221	-385	-512	-606	-663	-687	-677	-633	-563	-473	-357	-226	-83	66	210	353	484	600	697	764	804	814	790	733	642	512	348	150	-83	
173	-57	-254	-418	-542	-633	-690	-710	-697	-654	-584	-487	-367	-233	-90	66	217	360	497	614	711	781	824	840	817	760	669	545	381	184	-46	
140	-87	-284	-445	-569	-659	-710	-730	-717	-667	-597	-493	-377	-240	-90	66	217	367	504	621	724	797	844	860	840	786	696	572	411	217	-13	
113	-113	-308	-468	-589	-679	-730	-747	-730	-680	-604	-507	-383	-240	-90	66	217	370	510	634	734	811	857	874	857	806	719	595	435	240	0	
93	-133	-328	-485	-609	-693	-743	-760	-744	-694	-617	-514	-390	-246	-96	66	223	374	517	641	744	821	871	887	874	823	736	612	455	264	0	
76	-150	-341	-498	-622	-706	-757	-773	-750	-700	-624	-520	-390	-246	-96	66	223	377	517	647	751	827	877	901	884	833	749	629	471	277	0	
66	-160	-354	-512	-629	-716	-763	-780	-757	-707	-627	-520	-397	-253	-96	66	223	380	524	647	757	834	884	907	890	843	759	639	481	291	0	
60	-167	-361	-515	-636	-720	-770	-780	-764	-710	-630	-520	-397	-253	-96	66	223	380	524	654	757	841	891	911	897	847	763	646	488	297	0	
56	-170	-361	-518	-636	-720	-770	-783	-764	-714	-630	-524	-397	-253	-96	66	223	380	524	654	757	841	891	914	897	850	766	646	488	297	0	
60	-164	-358	-512	-636	-720	-770	-780	-760	-707	-630	-520	-397	-253	-96	66	223	380	524	651	757	834	891	907	897	847	763	642	485	294	0	
70	-157	-348	-505	-629	-713	-763	-773	-757	-707	-624	-520	-390	-250	-96	66	223	380	524	647	751	834	884	904	890	840	756	632	475	284	0	
83	-144	-334	-492	-616	-699	-750	-767	-750	-700	-617	-514	-390	-246	-96	66	223	374	517	641	744	827	877	894	877	830	743	622	465	271	0	
103	-123	-318	-478	-602	-686	-736	-753	-737	-687	-610	-507	-383	-246	-90	66	223	374	510	634	737	814	864	880	867	813	729	605	448	251	0	
127	-100	-294	-458	-582	-669	-723	-740	-724	-674	-604	-500	-377	-240	-90	66	217	367	504	627	731	804	851	867	850	796	709	585	425	230	-1	
157	-73	-267	-432	-555	-646	-703	-720	-707	-660	-590	-490	-370	-233	-90	66	217	360	497	621	717	787	837	847	830	773	683	559	398	200	-30	
193	-40	-237	-401	-529	-619	-676	-700	-690	-647	-577	-480	-363	-226	-83	66	213	360	490	607	704	774	817	827	803	746	656	528	368	167	-63	
234	-3	-201	-365	-495	-592	-650	-673	-663	-627	-557	-467	-350	-220	-83	66	210	350	477	594	684	754	790	800	777	720	622	495	328	130	-103	
277	43	-160	-328	-462	-556	-616	-646	-640	-603	-537	-450	-343	-213	-76	66	203	340	470	580	667	734	770	773	746	686	589	455	288	87	-150	
327	90	-114	-284	-418	-519	-583	-613	-610	-580	-517	-433	-330	-206	-76	66	203	333	457	560	644	707	737	740	710	646	549	411	241	37	-200	
384	143	-63	-238	-375	-475	-543	-580	-580	-553	-497	-413	-316	-200	-69	66	197	327	444	540	624	680	710	707	673	606	502	365	191	-16	-254	
444	200	-7	-184	-325	-432	-502	-539	-546	-520	-470	-393	-296	-186	-63	66	190	313	423	520	597	650	677	666	629	559	452	311	137	-73	-317	
511	263	53	-124	-271	-378	-456	-499	-510	-490	-443	-373	-283	-173	-56	66	183	300	410	500	570	620	637	626	583	509	398	254	74	-136	-381	
581	334	116	-64	-214	-325	-409	-452	-469	-453	-413	-346	-263	-163	-49	66	180	293	390	473	543	580	596	580	536	452	341	191	10	-203	-454	
658	407	186	2	-151	-268	-355	-406	-426	-419	-383	-320	-243	-150	-43	66	173	280	370	453	510	547	556	533	482	399	278	124	-59	-277	-531	
742	484	263	72	-84	-205	-295	-352	-379	-379	-349	-293	-223	-133	-36	66	166	267	350	423	477	506	510	479	422	335	211	54	-133	-357	-615	
829	571	343	149	-14	-138	-235	-299	-329	-333	-309	-266	-203	-119	-29	66	156	246	330	393	436	460	456	426	362	268	141	-22	-213	-444	-702	
