1118	774	468	196	-32	-224	-371	-473	-534	-553	-531	-470	-385	-267	-136	0	136	267	385	470	531	553	534	473	371	224	32	-196	-468	-774	-1118	
991	650	347	82	-141	-326	-463	-559	-610	-620	-588	-521	-416	-292	-149	0	149	292	416	521	588	620	610	559	463	326	141	-82	-347	-650	-991	
871	535	235	-22	-243	-418	-552	-642	-683	-684	-642	-566	-455	-318	-162	0	162	318	455	566	642	684	683	642	552	418	243	22	-235	-535	-871	
761	426	133	-121	-338	-507	-632	-715	-750	-744	-690	-604	-487	-337	-175	0	175	337	487	604	690	744	750	715	632	507	338	121	-133	-426	-761	
656	328	37	-214	-424	-590	-708	-785	-814	-798	-741	-643	-512	-356	-181	0	181	356	512	643	741	798	814	785	708	590	424	214	-37	-328	-656	
564	238	-51	-297	-504	-664	-779	-849	-871	-846	-786	-681	-541	-375	-194	0	194	375	541	681	786	846	871	849	779	664	504	297	51	-238	-564	
474	152	-131	-373	-577	-734	-842	-909	-926	-897	-824	-713	-563	-394	-200	0	200	394	563	713	824	897	926	909	842	734	577	373	131	-152	-474	
398	76	-204	-443	-644	-794	-900	-960	-970	-935	-859	-738	-589	-407	-206	0	206	407	589	738	859	935	970	960	900	794	644	443	204	-76	-398	
328	9	-271	-507	-702	-852	-954	-1008	-1015	-974	-891	-767	-608	-420	-213	0	213	420	608	767	891	974	1015	1008	954	852	702	507	271	-9	-328	
264	-51	-328	-564	-756	-903	-1002	-1050	-1053	-1009	-920	-789	-627	-433	-219	0	219	433	627	789	920	1009	1053	1050	1002	903	756	564	328	51	-264	
210	-105	-379	-612	-804	-947	-1040	-1088	-1085	-1037	-945	-808	-640	-445	-226	0	226	445	640	808	945	1037	1085	1088	1040	947	804	612	379	105	-210	
162	-150	-424	-654	-842	-982	-1078	-1120	-1117	-1063	-964	-827	-652	-452	-232	0	232	452	652	827	964	1063	1117	1120	1078	982	842	654	424	150	-162	
121	-188	-459	-692	-874	-1014	-1104	-1145	-1142	-1085	-983	-847	-665	-458	-238	0	238	458	665	847	983	1085	1142	1145	1104	1014	874	692	459	188	-121	
89	-220	-491	-717	-902	-1040	-1129	-1171	-1161	-1101	-1003	-853	-678	-464	-238	0	238	464	678	853	1003	1101	1161	1171	1129	1040	902	717	491	220	-89	
63	-245	-513	-740	-925	-1059	-1148	-1184	-1174	-1114	-1009	-866	-684	-471	-238	0	238	471	684	866	1009	1114	1174	1184	1148	1059	925	740	513	245	-63	
47	-261	-529	-756	-937	-1075	-1161	-1196	-1187	-1127	-1022	-872	-691	-477	-245	0	245	477	691	872	1022	1127	1187	1196	1161	1075	937	756	529	261	-47	
38	-271	-539	-765	-944	-1081	-1167	-1203	-1193	-1130	-1022	-872	-691	-477	-245	0	245	477	691	872	1022	1130	1193	1203	1167	1081	944	765	539	271	-38	
38	-271	-539	-765	-947	-1081	-1167	-1203	-1193	-1133	-1022	-878	-691	-477	-245	0	245	477	691	878	1022	1133	1193	1203	1167	1081	947	765	539	271	-38	
41	-264	-535	-762	-944	-1078	-1164	-1203	-1187	-1127	-1022	-872	-691	-477	-245	0	245	477	691	872	1022	1127	1187	1203	1164	1078	944	762	535	264	-41	
54	-252	-523	-749	-931	-1068	-1155	-1190	-1181	-1120	-1015	-866	-684	-471	-245	0	245	471	684	866	1015	1120	1181	1190	1155	1068	931	749	523	252	-54	
76	-232	-504	-730	-912	-1049	-1139	-1177	-1168	-1107	-1009	-859	-678	-471	-238	0	238	471	678	859	1009	1107	1168	1177	1139	1049	912	730	504	232	-76	
105	-207	-478	-705	-890	-1027	-1116	-1158	-1149	-1095	-993	-853	-671	-464	-238	0	238	464	671	853	993	1095	1149	1158	1116	1027	890	705	478	207	-105	
140	-172	-443	-673	-861	-998	-1091	-1133	-1130	-1076	-977	-834	-659	-458	-232	0	232	458	659	834	977	1076	1130	1133	1091	998	861	673	443	172	-140	
184	-127	-402	-634	-823	-966	-1059	-1107	-1104	-1050	-958	-821	-646	-452	-232	0	232	452	646	821	958	1050	1104	1107	1059	966	823	634	402	127	-184	
235	-79	-354	-590	-778	-925	-1021	-1069	-1072	-1025	-932	-802	-633	-439	-226	0	226	439	633	802	932	1025	1072	1069	1021	925	778	590	354	79	-235	
293	-22	-300	-536	-730	-877	-976	-1031	-1034	-993	-907	-776	-617	-426	-219	0	219	426	617	776	907	993	1034	1031	976	877	730	536	300	22	-293	
360	41	-239	-478	-673	-826	-928	-986	-996	-954	-875	-754	-598	-413	-213	0	213	413	598	754	875	954	996	986	928	826	673	478	239	-41	-360	
436	114	-169	-411	-609	-766	-874	-935	-948	-916	-843	-725	-576	-401	-206	0	206	401	576	725	843	916	948	935	874	766	609	411	169	-114	-436	
519	194	-92	-338	-542	-699	-810	-878	-900	-872	-805	-694	-553	-382	-194	0	194	382	553	694	805	872	900	878	810	699	542	338	92	-194	-519	
608	283	-6	-258	-466	-629	-747	-817	-843	-824	-760	-662	-525	-369	-187	0	187	369	525	662	760	824	843	817	747	629	466	258	6	-283	-608	
707	379	85	-169	-380	-549	-673	-750	-782	-770	-716	-623	-499	-350	-181	0	181	350	499	623	716	770	782	750	673	549	380	169	-85	-379	-707	
816	481	184	-73	-290	-463	-594	-680	-718	-712	-668	-585	-467	-327	-168	0	168	327	467	585	668	712	718	680	594	463	290	73	-184	-481	-816	
930	592	292	28	-192	-374	-511	-600	-648	-652	-614	-541	-436	-305	-155	0	155	305	436	541	614	652	648	600	511	374	192	-28	-292	-592	-930	
1055	713	407	139	-90	-275	-418	-517	-572	-585	-556	-496	-404	-280	-143	0	143	280	404	496	556	585	572	517	418	275	90	-139	-407	-713	-1055	
1185	841	528	257	21	-170	-320	-428	-492	-515	-499	-445	-365	-254	-130	0	130	254	365	445	499	515	492	428	320	170	-21	-257	-528	-841	-1185	
